     356     350     313     361     241      23     495     215     199     189
     154     318     353     492      45      47     180     211     361     209
       6     339     309     348     222     233     148     333     338     430
     240      86     389     481     448     155     266     405     225     334
     216     163     133     150     128     185     280     498     140      80
      64     424     398     131     178     144     252     465     428     427
      16     350     378     343     151     321     252     161      34       4
     275     188     161     303       0      48      59     210     351     443
     106     201     400     403     435     177     317     372      21     372
     276     186     147     497     260     350     246     106     370     406
      79     406     207     423     133     198      22     363     123     330
     427     338     169     332      25